0	0	
6.24003e-08	-1.19159e-07	
1.24801e-07	-2.58342e-07	
1.87201e-07	-3.79921e-07	
2.49601e-07	-3.78804e-07	
3.12002e-07	-2.55106e-07	
3.74402e-07	-1.13085e-07	
4.36802e-07	-2.87671e-08	
4.99203e-07	2.16307e-09	
5.61603e-07	9.54893e-09	
6.24003e-07	1.06996e-08	
6.86404e-07	1.08331e-08	
7.48804e-07	1.1035e-08	
8.11205e-07	1.10216e-08	
8.73605e-07	1.09944e-08	
9.36005e-07	1.09508e-08	
9.98406e-07	1.09864e-08	
1.06081e-06	1.09575e-08	
1.12321e-06	1.10051e-08	
1.18561e-06	1.10119e-08	
1.24801e-06	1.09341e-08	
1.31041e-06	1.09272e-08	
1.37281e-06	1.09361e-08	
1.43521e-06	1.09857e-08	
1.49761e-06	1.10176e-08	
1.56001e-06	1.10325e-08	
1.62241e-06	1.10204e-08	
1.68481e-06	1.1029e-08	
1.74721e-06	1.11946e-08	
1.80961e-06	1.15984e-08	
1.87201e-06	1.22784e-08	
1.93441e-06	1.32516e-08	
1.99681e-06	1.41388e-08	
2.05921e-06	1.48871e-08	
2.12161e-06	1.53013e-08	
2.18401e-06	1.55184e-08	
2.24641e-06	1.55588e-08	
2.30881e-06	1.54715e-08	
2.37121e-06	1.52861e-08	
2.43361e-06	1.5068e-08	
2.49601e-06	1.48985e-08	
2.55841e-06	1.47645e-08	
2.62081e-06	1.46753e-08	
2.68322e-06	1.46793e-08	
2.74562e-06	1.47844e-08	
2.80802e-06	1.49717e-08	
2.87042e-06	1.519e-08	
2.93282e-06	1.53554e-08	
2.99522e-06	1.54567e-08	
3.05762e-06	1.54782e-08	
3.12002e-06	1.55118e-08	
3.18242e-06	1.56389e-08	
3.24482e-06	1.60687e-08	
3.30722e-06	1.69308e-08	
3.36962e-06	1.81591e-08	
3.43202e-06	1.95282e-08	
3.49442e-06	2.08149e-08	
3.55682e-06	2.17868e-08	
3.61922e-06	2.22216e-08	
3.68162e-06	2.21075e-08	
3.74402e-06	2.14398e-08	
3.80642e-06	2.03506e-08	
3.86882e-06	1.90461e-08	
3.93122e-06	1.77139e-08	
3.99362e-06	1.64377e-08	
4.05602e-06	1.52754e-08	
4.11842e-06	1.42305e-08	
4.18082e-06	1.33132e-08	
4.24322e-06	1.25359e-08	
4.30562e-06	1.18695e-08	
4.36802e-06	1.12789e-08	
4.43042e-06	1.0748e-08	
4.49283e-06	1.02701e-08	
4.55523e-06	9.84865e-09	
4.61763e-06	9.4727e-09	
4.68003e-06	9.1176e-09	
4.74243e-06	8.79229e-09	
4.80483e-06	8.50693e-09	
4.86723e-06	8.2445e-09	
4.92963e-06	7.9586e-09	
4.99203e-06	7.62101e-09	
5.05443e-06	7.22443e-09	
5.11683e-06	6.79133e-09	
5.17923e-06	6.36135e-09	
5.24163e-06	5.94378e-09	
5.30403e-06	5.55084e-09	
5.36643e-06	5.21079e-09	
5.42883e-06	4.96433e-09	
5.49123e-06	4.84267e-09	
5.55363e-06	4.84851e-09	
5.61603e-06	4.95347e-09	
5.67843e-06	5.13908e-09	
5.74083e-06	5.37169e-09	
5.80323e-06	5.616e-09	
5.86563e-06	5.85059e-09	
5.92803e-06	6.04415e-09	
5.99043e-06	6.18702e-09	
6.05283e-06	6.27384e-09	
6.11523e-06	6.29241e-09	
6.17763e-06	6.23456e-09	
6.24003e-06	6.10061e-09	
6.30244e-06	5.90677e-09	
6.36484e-06	5.68667e-09	
6.42724e-06	5.45553e-09	
6.48964e-06	5.25185e-09	
6.55204e-06	5.02991e-09	
6.61444e-06	4.88473e-09	
6.67684e-06	4.72625e-09	
6.73924e-06	4.50527e-09	
6.80164e-06	4.64724e-09	
6.86404e-06	4.34691e-09	
6.92644e-06	3.88598e-09	
6.98884e-06	4.75326e-09	
7.05124e-06	5.30334e-09	
7.11364e-06	2.25441e-09	
7.17604e-06	-3.82247e-10	
7.23844e-06	7.57785e-09	
7.30084e-06	2.24976e-08	
7.36324e-06	2.60711e-08	
7.42564e-06	-4.45772e-08	
7.48804e-06	-1.70204e-07	
7.55044e-06	-2.67596e-07	
7.61284e-06	-2.97184e-07	
7.67524e-06	-2.34902e-07	
7.73764e-06	-1.04695e-07	
7.80004e-06	2.69385e-08	
7.86244e-06	1.14088e-07	
7.92484e-06	1.50833e-07	
7.98724e-06	1.5157e-07	
8.04965e-06	1.28446e-07	
8.11205e-06	9.45325e-08	
8.17445e-06	6.02042e-08	
8.23685e-06	3.0771e-08	
8.29925e-06	8.15094e-09	
8.36165e-06	-7.91922e-09	
8.42405e-06	-1.85038e-08	
8.48645e-06	-2.51545e-08	
8.54885e-06	-2.86283e-08	
8.61125e-06	-2.97835e-08	
8.67365e-06	-2.91236e-08	
8.73605e-06	-2.69473e-08	
8.79845e-06	-2.36988e-08	
8.86085e-06	-1.99814e-08	
8.92325e-06	-1.63178e-08	
8.98565e-06	-1.30187e-08	
9.04805e-06	-1.02685e-08	
9.11045e-06	-8.03947e-09	
9.17285e-06	-6.26642e-09	
9.23525e-06	-4.9232e-09	
9.29765e-06	-3.91063e-09	
9.36005e-06	-3.09239e-09	
9.42245e-06	-2.44453e-09	
9.48485e-06	-1.92982e-09	
9.54725e-06	-1.49525e-09	
9.60965e-06	-1.08085e-09	
9.67205e-06	-6.95685e-10	
9.73445e-06	-3.20831e-10	
9.79685e-06	-2.3146e-11	
9.85926e-06	2.45876e-10	
9.92166e-06	4.56374e-10	
9.98406e-06	6.43785e-10	
1.00465e-05	1.00555e-09	
1.01089e-05	1.47615e-09	
1.01713e-05	2.06587e-09	
1.02337e-05	2.69609e-09	
1.02961e-05	3.14626e-09	
1.03585e-05	3.50158e-09	
1.04209e-05	3.87152e-09	
1.04833e-05	4.26114e-09	
1.05457e-05	4.79877e-09	
1.06081e-05	5.4494e-09	
1.06705e-05	6.0723e-09	
1.07329e-05	6.51841e-09	
1.07953e-05	6.56233e-09	
1.08577e-05	6.09702e-09	
1.09201e-05	5.16078e-09	
1.09825e-05	4.05713e-09	
1.10449e-05	3.33217e-09	
1.11073e-05	3.39597e-09	
1.11697e-05	4.33641e-09	
1.12321e-05	6.25962e-09	
1.12945e-05	8.90371e-09	
1.13569e-05	1.18244e-08	
1.14193e-05	1.45607e-08	
1.14817e-05	1.66778e-08	
1.15441e-05	1.79675e-08	
1.16065e-05	1.81835e-08	
1.16689e-05	1.74289e-08	
1.17313e-05	1.59977e-08	
1.17937e-05	1.40546e-08	
1.18561e-05	1.18522e-08	
1.19185e-05	9.58889e-09	
1.19809e-05	7.42093e-09	
1.20433e-05	5.59439e-09	
1.21057e-05	4.04557e-09	
1.21681e-05	2.63035e-09	
1.22305e-05	1.32971e-09	
1.22929e-05	7.40903e-11	
1.23553e-05	-1.23368e-09	
1.24177e-05	-2.50841e-09	
1.24801e-05	-3.6028e-09	
1.25425e-05	-4.40592e-09	
1.26049e-05	-4.83907e-09	
1.26673e-05	-4.79088e-09	
1.27297e-05	-4.18466e-09	
1.27921e-05	-3.05621e-09	
1.28545e-05	-1.56246e-09	
1.29169e-05	1.30733e-10	
1.29793e-05	1.95517e-09	
1.30417e-05	3.76675e-09	
1.31041e-05	5.37899e-09	
1.31665e-05	6.61559e-09	
1.32289e-05	7.47633e-09	
1.32913e-05	8.06122e-09	
1.33537e-05	8.37401e-09	
1.34161e-05	8.38462e-09	
1.34785e-05	8.15388e-09	
1.35409e-05	7.71748e-09	
1.36033e-05	7.02739e-09	
1.36657e-05	6.17417e-09	
1.37281e-05	5.34414e-09	
1.37905e-05	4.45476e-09	
1.38529e-05	3.36757e-09	
1.39153e-05	2.42507e-09	
1.39777e-05	2.0825e-09	
1.40401e-05	1.90368e-09	
1.41025e-05	6.99268e-10	
1.41649e-05	-8.70535e-10	
1.42273e-05	-8.39853e-10	
1.42897e-05	1.24505e-09	
1.43521e-05	2.6258e-09	
1.44145e-05	-6.36495e-10	
1.44769e-05	-7.12787e-09	
1.45393e-05	-9.33024e-09	
1.46017e-05	2.38908e-09	
1.46641e-05	2.20119e-08	
1.47265e-05	3.41612e-08	
1.47889e-05	1.60914e-08	
1.48513e-05	-4.24401e-08	
1.49137e-05	-1.08183e-07	
1.49761e-05	-1.48392e-07	
1.50385e-05	-1.5113e-07	
1.51009e-05	-9.89655e-08	
1.51633e-05	-1.31262e-08	
1.52257e-05	6.68044e-08	
1.52881e-05	1.1573e-07	
1.53505e-05	1.31879e-07	
1.54129e-05	1.20697e-07	
1.54753e-05	8.86608e-08	
1.55377e-05	4.82746e-08	
1.56001e-05	1.0682e-08	
1.56625e-05	-1.77319e-08	
1.57249e-05	-3.48543e-08	
1.57873e-05	-4.24714e-08	
1.58497e-05	-4.33237e-08	
1.59121e-05	-3.95635e-08	
1.59745e-05	-3.30952e-08	
1.60369e-05	-2.5446e-08	
1.60993e-05	-1.77328e-08	
1.61617e-05	-1.0826e-08	
1.62241e-05	-5.17674e-09	
1.62865e-05	-9.62835e-10	
1.63489e-05	1.97355e-09	
1.64113e-05	3.77703e-09	
1.64737e-05	4.55097e-09	
1.65361e-05	4.58621e-09	
1.65985e-05	4.09369e-09	
1.66609e-05	3.19012e-09	
1.67233e-05	2.04068e-09	
1.67857e-05	8.11745e-10	
1.68481e-05	-3.63502e-10	
1.69105e-05	-1.33682e-09	
1.69729e-05	-2.0529e-09	
1.70353e-05	-2.48243e-09	
1.70977e-05	-2.64242e-09	
1.71601e-05	-2.69631e-09	
1.72225e-05	-2.71807e-09	
1.72849e-05	-2.7223e-09	
1.73473e-05	-2.62963e-09	
1.74097e-05	-2.42479e-09	
1.74721e-05	-2.06803e-09	
1.75345e-05	-1.56018e-09	
1.75969e-05	-1.00409e-09	
1.76593e-05	-5.2449e-10	
1.77217e-05	-1.6047e-10	
1.77841e-05	4.05002e-11	
1.78465e-05	1.85574e-10	
1.79089e-05	4.47105e-10	
1.79713e-05	9.43112e-10	
1.80337e-05	1.54086e-09	
1.80961e-05	2.0734e-09	
1.81585e-05	2.30615e-09	
1.82209e-05	1.98994e-09	
1.82833e-05	1.04382e-09	
1.83457e-05	-3.61703e-10	
1.84081e-05	-1.75992e-09	
1.84705e-05	-2.64831e-09	
1.85329e-05	-2.66007e-09	
1.85953e-05	-1.51509e-09	
1.86577e-05	8.25875e-10	
1.87201e-05	3.9803e-09	
