0	0	
6.24003e-08	-1.19159e-07	
1.24801e-07	-2.58342e-07	
1.87201e-07	-3.79921e-07	
2.49601e-07	-3.78804e-07	
3.12002e-07	-2.55106e-07	
3.74402e-07	-1.13085e-07	
4.36802e-07	-2.87671e-08	
4.99203e-07	2.16307e-09	
5.61603e-07	9.54893e-09	
6.24003e-07	1.06996e-08	
6.86404e-07	1.08331e-08	
7.48804e-07	1.1035e-08	
8.11205e-07	1.10216e-08	
8.73605e-07	1.09944e-08	
9.36005e-07	1.09508e-08	
9.98406e-07	1.09864e-08	
1.06081e-06	1.09575e-08	
1.12321e-06	1.10051e-08	
1.18561e-06	1.10119e-08	
1.24801e-06	1.09341e-08	
1.31041e-06	1.09272e-08	
1.37281e-06	1.09361e-08	
1.43521e-06	1.09857e-08	
1.49761e-06	1.10176e-08	
1.56001e-06	1.10325e-08	
1.62241e-06	1.10204e-08	
1.68481e-06	1.1029e-08	
1.74721e-06	1.11946e-08	
1.80961e-06	1.15984e-08	
1.87201e-06	1.22784e-08	
1.93441e-06	1.32516e-08	
1.99681e-06	1.41388e-08	
2.05921e-06	1.48871e-08	
2.12161e-06	1.53013e-08	
2.18401e-06	1.55184e-08	
2.24641e-06	1.55588e-08	
2.30881e-06	1.54715e-08	
2.37121e-06	1.52861e-08	
2.43361e-06	1.5068e-08	
2.49601e-06	1.48985e-08	
2.55841e-06	1.47645e-08	
2.62081e-06	1.46753e-08	
2.68322e-06	1.46793e-08	
2.74562e-06	1.47844e-08	
2.80802e-06	1.49717e-08	
2.87042e-06	1.519e-08	
2.93282e-06	1.53554e-08	
2.99522e-06	1.54567e-08	
3.05762e-06	1.54782e-08	
3.12002e-06	1.55118e-08	
3.18242e-06	1.56389e-08	
3.24482e-06	1.60687e-08	
3.30722e-06	1.69308e-08	
3.36962e-06	1.81591e-08	
3.43202e-06	1.95282e-08	
3.49442e-06	2.08149e-08	
3.55682e-06	2.17868e-08	
3.61922e-06	2.22216e-08	
3.68162e-06	2.21075e-08	
3.74402e-06	2.14398e-08	
3.80642e-06	2.03506e-08	
3.86882e-06	1.90461e-08	
3.93122e-06	1.77139e-08	
3.99362e-06	1.64377e-08	
4.05602e-06	1.52754e-08	
4.11842e-06	1.42305e-08	
4.18082e-06	1.33132e-08	
4.24322e-06	1.25359e-08	
4.30562e-06	1.18695e-08	
4.36802e-06	1.12789e-08	
4.43042e-06	1.0748e-08	
4.49283e-06	1.02701e-08	
4.55523e-06	9.84865e-09	
4.61763e-06	9.4727e-09	
4.68003e-06	9.1176e-09	
4.74243e-06	8.79229e-09	
4.80483e-06	8.50693e-09	
4.86723e-06	8.2445e-09	
4.92963e-06	7.9586e-09	
4.99203e-06	7.62101e-09	
5.05443e-06	7.22443e-09	
5.11683e-06	6.79133e-09	
5.17923e-06	6.36135e-09	
5.24163e-06	5.94378e-09	
5.30403e-06	5.55084e-09	
5.36643e-06	5.21079e-09	
5.42883e-06	4.96433e-09	
5.49123e-06	4.84267e-09	
5.55363e-06	4.84851e-09	
5.61603e-06	4.95347e-09	
5.67843e-06	5.13908e-09	
5.74083e-06	5.37169e-09	
5.80323e-06	5.616e-09	
5.86563e-06	5.85059e-09	
5.92803e-06	6.04415e-09	
5.99043e-06	6.18703e-09	
6.05283e-06	6.27384e-09	
6.11523e-06	6.2924e-09	
6.17763e-06	6.23463e-09	
6.24003e-06	6.10035e-09	
6.30244e-06	5.90752e-09	
6.36484e-06	5.6848e-09	
6.42724e-06	5.46012e-09	
6.48964e-06	5.24238e-09	
6.55204e-06	5.04228e-09	
6.61444e-06	4.88129e-09	
6.67684e-06	4.68172e-09	
6.73924e-06	4.64905e-09	
6.80164e-06	4.45829e-09	
6.86404e-06	4.26085e-09	
6.92644e-06	4.58535e-09	
6.98884e-06	4.32031e-09	
7.05124e-06	3.28289e-09	
7.11364e-06	4.14575e-09	
7.17604e-06	6.94171e-09	
7.23844e-06	5.09324e-09	
7.30084e-06	-5.28628e-09	
7.36324e-06	-1.39964e-08	
7.42564e-06	7.92831e-09	
7.48804e-06	7.98183e-08	
7.55044e-06	1.54096e-07	
7.61284e-06	1.90919e-07	
7.67524e-06	1.74589e-07	
7.73764e-06	1.04101e-07	
7.80004e-06	1.59491e-08	
7.86244e-06	-5.18775e-08	
7.92484e-06	-8.6574e-08	
7.98724e-06	-9.46341e-08	
8.04965e-06	-8.44413e-08	
8.11205e-06	-6.42486e-08	
8.17445e-06	-4.16708e-08	
8.23685e-06	-2.15246e-08	
8.29925e-06	-5.68757e-09	
8.36165e-06	5.71596e-09	
8.42405e-06	1.32501e-08	
8.48645e-06	1.8029e-08	
8.54885e-06	2.05453e-08	
8.61125e-06	2.13767e-08	
8.67365e-06	2.09673e-08	
8.73605e-06	1.95277e-08	
8.79845e-06	1.7229e-08	
8.86085e-06	1.47421e-08	
8.92325e-06	1.22329e-08	
8.98565e-06	9.34021e-09	
9.04805e-06	7.13484e-09	
9.11045e-06	6.46471e-09	
9.17285e-06	4.76842e-09	
9.23525e-06	1.03148e-09	
9.29765e-06	-1.16963e-09	
9.36005e-06	5.41813e-09	
9.42245e-06	1.45311e-08	
9.48485e-06	7.77888e-09	
9.54725e-06	-2.81645e-08	
9.60965e-06	-7.5048e-08	
9.67205e-06	-1.05383e-07	
9.73445e-06	-1.0544e-07	
9.79685e-06	-6.93095e-08	
9.85926e-06	-1.69396e-08	
9.92166e-06	2.65894e-08	
9.98406e-06	4.90505e-08	
1.00465e-05	5.25166e-08	
1.01089e-05	4.26634e-08	
1.01713e-05	2.71322e-08	
1.02337e-05	1.21961e-08	
1.02961e-05	1.21372e-09	
1.03585e-05	-5.51567e-09	
1.04209e-05	-8.92811e-09	
1.04833e-05	-1.03289e-08	
1.05457e-05	-1.07267e-08	
1.06081e-05	-1.05044e-08	
1.06705e-05	-9.86954e-09	
1.07329e-05	-9.00201e-09	
1.07953e-05	-7.93383e-09	
1.08577e-05	-6.94376e-09	
1.09201e-05	-6.06406e-09	
1.09825e-05	-5.47196e-09	
1.10449e-05	-5.84046e-09	
1.11073e-05	-6.78186e-09	
1.11697e-05	-7.16994e-09	
1.12321e-05	-7.73705e-09	
1.12945e-05	-1.04572e-08	
1.13569e-05	-1.44826e-08	
1.14193e-05	-1.54592e-08	
1.14817e-05	-1.0875e-08	
1.15441e-05	-6.66684e-09	
1.16065e-05	-1.05906e-08	
1.16689e-05	-2.64199e-08	
1.17313e-05	-4.6498e-08	
1.17937e-05	-5.88631e-08	
1.18561e-05	-5.7715e-08	
1.19185e-05	-4.20092e-08	
1.19809e-05	-1.98931e-08	
1.20433e-05	-1.1094e-09	
1.21057e-05	9.37541e-09	
1.21681e-05	1.22092e-08	
1.22305e-05	1.05733e-08	
1.22929e-05	7.99428e-09	
1.23553e-05	6.59231e-09	
1.24177e-05	6.88837e-09	
1.24801e-05	8.1641e-09	
1.25425e-05	9.50215e-09	
1.26049e-05	1.05837e-08	
1.26673e-05	1.1551e-08	
1.27297e-05	1.22391e-08	
1.27921e-05	1.22147e-08	
1.28545e-05	1.07732e-08	
1.29169e-05	7.40047e-09	
1.29793e-05	2.38095e-09	
1.30417e-05	-3.31958e-09	
1.31041e-05	-8.91963e-09	
1.31665e-05	-1.36266e-08	
1.32289e-05	-1.62705e-08	
1.32913e-05	-1.6605e-08	
1.33537e-05	-1.58018e-08	
1.34161e-05	-1.49984e-08	
1.34785e-05	-1.33216e-08	
1.35409e-05	-8.84844e-09	
1.36033e-05	-2.10062e-09	
1.36657e-05	3.27434e-09	
1.37281e-05	3.66336e-09	
1.37905e-05	-2.23244e-09	
1.38529e-05	-1.11936e-08	
1.39153e-05	-1.77687e-08	
1.39777e-05	-1.82765e-08	
1.40401e-05	-1.21503e-08	
1.41025e-05	-3.00655e-09	
1.41649e-05	4.59129e-09	
1.42273e-05	8.91479e-09	
1.42897e-05	1.09469e-08	
1.43521e-05	1.17424e-08	
1.44145e-05	1.03046e-08	
1.44769e-05	5.27898e-09	
1.45393e-05	-1.23963e-09	
1.46017e-05	-3.58201e-09	
1.46641e-05	1.75376e-09	
1.47265e-05	1.04763e-08	
1.47889e-05	1.3919e-08	
1.48513e-05	3.08255e-09	
1.49137e-05	-2.2842e-08	
1.49761e-05	-4.97898e-08	
1.50385e-05	-6.47554e-08	
1.51009e-05	-6.09558e-08	
1.51633e-05	-3.63265e-08	
1.52257e-05	-2.04551e-09	
1.52881e-05	2.75707e-08	
1.53505e-05	4.53892e-08	
1.54129e-05	5.02953e-08	
1.54753e-05	4.39484e-08	
1.55377e-05	3.01899e-08	
1.56001e-05	1.5061e-08	
1.56625e-05	3.28501e-09	
1.57249e-05	-3.71111e-09	
1.57873e-05	-7.72933e-09	
1.58497e-05	-1.1389e-08	
1.59121e-05	-1.56119e-08	
1.59745e-05	-1.92627e-08	
1.60369e-05	-2.10464e-08	
1.60993e-05	-1.99758e-08	
1.61617e-05	-1.56061e-08	
1.62241e-05	-8.34244e-09	
1.62865e-05	-9.1035e-10	
1.63489e-05	3.53473e-09	
1.64113e-05	3.98687e-09	
1.64737e-05	3.01448e-09	
1.65361e-05	5.30939e-09	
1.65985e-05	1.01393e-08	
1.66609e-05	1.06608e-08	
1.67233e-05	2.80738e-09	
1.67857e-05	-1.10591e-08	
1.68481e-05	-1.93818e-08	
1.69105e-05	-9.71332e-09	
1.69729e-05	2.00749e-08	
1.70353e-05	5.49945e-08	
1.70977e-05	7.69507e-08	
1.71601e-05	7.61878e-08	
1.72225e-05	4.74864e-08	
1.72849e-05	3.75306e-09	
1.73473e-05	-3.51233e-08	
1.74097e-05	-5.79033e-08	
1.74721e-05	-6.29012e-08	
1.75345e-05	-5.29605e-08	
1.75969e-05	-3.42101e-08	
1.76593e-05	-1.44619e-08	
1.77217e-05	1.46526e-09	
1.77841e-05	1.19714e-08	
1.78465e-05	1.75452e-08	
1.79089e-05	1.87376e-08	
1.79713e-05	1.62636e-08	
1.80337e-05	1.16141e-08	
1.80961e-05	6.61282e-09	
1.81585e-05	2.76791e-09	
1.82209e-05	9.68592e-10	
1.82833e-05	1.34922e-09	
1.83457e-05	3.3436e-09	
1.84081e-05	5.90359e-09	
1.84705e-05	7.58153e-09	
1.85329e-05	7.25954e-09	
1.85953e-05	5.34833e-09	
1.86577e-05	3.90552e-09	
1.87201e-05	4.36775e-09	
