0	0	
6.24003e-08	-1.19159e-07	
1.24801e-07	-2.58342e-07	
1.87201e-07	-3.79921e-07	
2.49601e-07	-3.78804e-07	
3.12002e-07	-2.55106e-07	
3.74402e-07	-1.13085e-07	
4.36802e-07	-2.87671e-08	
4.99203e-07	2.16307e-09	
5.61603e-07	9.54893e-09	
6.24003e-07	1.06996e-08	
6.86404e-07	1.08331e-08	
7.48804e-07	1.1035e-08	
8.11205e-07	1.10216e-08	
8.73605e-07	1.09944e-08	
9.36005e-07	1.09508e-08	
9.98406e-07	1.09864e-08	
1.06081e-06	1.09575e-08	
1.12321e-06	1.10051e-08	
1.18561e-06	1.10119e-08	
1.24801e-06	1.09341e-08	
1.31041e-06	1.09272e-08	
1.37281e-06	1.09361e-08	
1.43521e-06	1.09857e-08	
1.49761e-06	1.10176e-08	
1.56001e-06	1.10325e-08	
1.62241e-06	1.10204e-08	
1.68481e-06	1.1029e-08	
1.74721e-06	1.11946e-08	
1.80961e-06	1.15984e-08	
1.87201e-06	1.22784e-08	
1.93441e-06	1.32516e-08	
1.99681e-06	1.41388e-08	
2.05921e-06	1.48871e-08	
2.12161e-06	1.53013e-08	
2.18401e-06	1.55184e-08	
2.24641e-06	1.55588e-08	
2.30881e-06	1.54715e-08	
2.37121e-06	1.52861e-08	
2.43361e-06	1.5068e-08	
2.49601e-06	1.48985e-08	
2.55841e-06	1.47645e-08	
2.62081e-06	1.46753e-08	
2.68322e-06	1.46793e-08	
2.74562e-06	1.47844e-08	
2.80802e-06	1.49717e-08	
2.87042e-06	1.519e-08	
2.93282e-06	1.53554e-08	
2.99522e-06	1.54567e-08	
3.05762e-06	1.54782e-08	
3.12002e-06	1.55118e-08	
3.18242e-06	1.56389e-08	
3.24482e-06	1.60687e-08	
3.30722e-06	1.69308e-08	
3.36962e-06	1.81591e-08	
3.43202e-06	1.95282e-08	
3.49442e-06	2.08149e-08	
3.55682e-06	2.17868e-08	
3.61922e-06	2.22216e-08	
3.68162e-06	2.21075e-08	
3.74402e-06	2.14398e-08	
3.80642e-06	2.03506e-08	
3.86882e-06	1.90461e-08	
3.93122e-06	1.77139e-08	
3.99362e-06	1.64377e-08	
4.05602e-06	1.52754e-08	
4.11842e-06	1.42305e-08	
4.18082e-06	1.33132e-08	
4.24322e-06	1.25359e-08	
4.30562e-06	1.18695e-08	
4.36802e-06	1.12789e-08	
4.43042e-06	1.0748e-08	
4.49283e-06	1.02701e-08	
4.55523e-06	9.84865e-09	
4.61763e-06	9.4727e-09	
4.68003e-06	9.1176e-09	
4.74243e-06	8.79229e-09	
4.80483e-06	8.50693e-09	
4.86723e-06	8.2445e-09	
4.92963e-06	7.9586e-09	
4.99203e-06	7.62101e-09	
5.05443e-06	7.22443e-09	
5.11683e-06	6.79133e-09	
5.17923e-06	6.36135e-09	
5.24163e-06	5.94378e-09	
5.30403e-06	5.55084e-09	
5.36643e-06	5.21079e-09	
5.42883e-06	4.96433e-09	
5.49123e-06	4.84267e-09	
5.55363e-06	4.84851e-09	
5.61603e-06	4.95347e-09	
5.67843e-06	5.13908e-09	
5.74083e-06	5.37169e-09	
5.80323e-06	5.616e-09	
5.86563e-06	5.85059e-09	
5.92803e-06	6.04415e-09	
5.99043e-06	6.18703e-09	
6.05283e-06	6.27384e-09	
6.11523e-06	6.2924e-09	
6.17763e-06	6.23463e-09	
6.24003e-06	6.10035e-09	
6.30244e-06	5.90752e-09	
6.36484e-06	5.6848e-09	
6.42724e-06	5.46012e-09	
6.48964e-06	5.24238e-09	
6.55204e-06	5.04228e-09	
6.61444e-06	4.88129e-09	
6.67684e-06	4.68172e-09	
6.73924e-06	4.64905e-09	
6.80164e-06	4.45829e-09	
6.86404e-06	4.26085e-09	
6.92644e-06	4.58535e-09	
6.98884e-06	4.32031e-09	
7.05124e-06	3.28289e-09	
7.11364e-06	4.14575e-09	
7.17604e-06	6.94171e-09	
7.23844e-06	5.09324e-09	
7.30084e-06	-5.28628e-09	
7.36324e-06	-1.39964e-08	
7.42564e-06	7.92831e-09	
7.48804e-06	7.98183e-08	
7.55044e-06	1.54096e-07	
7.61284e-06	1.90919e-07	
7.67524e-06	1.74589e-07	
7.73764e-06	1.04101e-07	
7.80004e-06	1.59491e-08	
7.86244e-06	-5.18775e-08	
7.92484e-06	-8.6574e-08	
7.98724e-06	-9.46341e-08	
8.04965e-06	-8.44413e-08	
8.11205e-06	-6.42486e-08	
8.17445e-06	-4.16709e-08	
8.23685e-06	-2.15246e-08	
8.29925e-06	-5.68774e-09	
8.36165e-06	5.71641e-09	
8.42405e-06	1.3249e-08	
8.48645e-06	1.80317e-08	
8.54885e-06	2.05393e-08	
8.61125e-06	2.13851e-08	
8.67365e-06	2.09678e-08	
8.73605e-06	1.94959e-08	
8.79845e-06	1.73e-08	
8.86085e-06	1.47332e-08	
8.92325e-06	1.20554e-08	
8.98565e-06	9.57273e-09	
9.04805e-06	7.44092e-09	
9.11045e-06	5.67336e-09	
9.17285e-06	4.20929e-09	
9.23525e-06	3.05414e-09	
9.29765e-06	2.14938e-09	
9.36005e-06	1.37645e-09	
9.42245e-06	7.37163e-10	
9.48485e-06	2.07501e-10	
9.54725e-06	-2.00674e-10	
9.60965e-06	-4.77198e-10	
9.67205e-06	-7.8553e-10	
9.73445e-06	-9.07469e-10	
9.79685e-06	-8.57755e-10	
9.85926e-06	-1.20343e-09	
9.92166e-06	-1.27986e-09	
9.98406e-06	-2.5659e-10	
1.00465e-05	-2.84958e-10	
1.01089e-05	-2.8802e-09	
1.01713e-05	-4.6132e-09	
1.02337e-05	1.08546e-09	
1.02961e-05	8.99509e-09	
1.03585e-05	6.74374e-09	
1.04209e-05	-1.94901e-08	
1.04833e-05	-5.8896e-08	
1.05457e-05	-8.64119e-08	
1.06081e-05	-9.01856e-08	
1.06705e-05	-6.36084e-08	
1.07329e-05	-2.04219e-08	
1.07953e-05	1.78376e-08	
1.08577e-05	3.98467e-08	
1.09201e-05	4.6284e-08	
1.09825e-05	4.14482e-08	
1.10449e-05	3.01424e-08	
1.11073e-05	1.63141e-08	
1.11697e-05	2.766e-09	
1.12321e-05	-9.02134e-09	
1.12945e-05	-1.79821e-08	
1.13569e-05	-2.35565e-08	
1.14193e-05	-2.57423e-08	
1.14817e-05	-2.4917e-08	
1.15441e-05	-2.20565e-08	
1.16065e-05	-1.83808e-08	
1.16689e-05	-1.49273e-08	
1.17313e-05	-1.2119e-08	
1.17937e-05	-1.00353e-08	
1.18561e-05	-8.37913e-09	
1.19185e-05	-6.98954e-09	
1.19809e-05	-5.91918e-09	
1.20433e-05	-5.12612e-09	
1.21057e-05	-4.47399e-09	
1.21681e-05	-3.94241e-09	
1.22305e-05	-3.51755e-09	
1.22929e-05	-3.03742e-09	
1.23553e-05	-2.48286e-09	
1.24177e-05	-1.76087e-09	
1.24801e-05	-8.89222e-10	
1.25425e-05	-4.71964e-11	
1.26049e-05	6.05382e-10	
1.26673e-05	1.12386e-09	
1.27297e-05	1.40447e-09	
1.27921e-05	1.03046e-09	
1.28545e-05	1.60254e-10	
1.29169e-05	-2.99325e-10	
1.29793e-05	-3.46388e-10	
1.30417e-05	-1.62883e-09	
1.31041e-05	-3.96178e-09	
1.31665e-05	-4.57632e-09	
1.32289e-05	-1.36155e-09	
1.32913e-05	2.9144e-09	
1.33537e-05	3.06085e-09	
1.34161e-05	-5.79651e-09	
1.34785e-05	-2.10165e-08	
1.35409e-05	-3.33802e-08	
1.36033e-05	-3.7194e-08	
1.36657e-05	-3.04324e-08	
1.37281e-05	-1.61313e-08	
1.37905e-05	-9.75203e-10	
1.38529e-05	1.02737e-08	
1.39153e-05	1.62395e-08	
1.39777e-05	1.7822e-08	
1.40401e-05	1.61504e-08	
1.41025e-05	1.19646e-08	
1.41649e-05	6.15887e-09	
1.42273e-05	6.65242e-10	
1.42897e-05	-2.45497e-09	
1.43521e-05	-2.48362e-09	
1.44145e-05	-1.5117e-09	
1.44769e-05	-2.03177e-09	
1.45393e-05	-3.8959e-09	
1.46017e-05	-2.79443e-09	
1.46641e-05	3.95146e-09	
1.47265e-05	1.28729e-08	
1.47889e-05	1.52475e-08	
1.48513e-05	2.59875e-09	
1.49137e-05	-2.40405e-08	
1.49761e-05	-5.05691e-08	
1.50385e-05	-6.45489e-08	
1.51009e-05	-5.9417e-08	
1.51633e-05	-3.35307e-08	
1.52257e-05	1.66945e-09	
1.52881e-05	3.14429e-08	
1.53505e-05	4.84535e-08	
1.54129e-05	5.25685e-08	
1.54753e-05	4.5852e-08	
1.55377e-05	3.22439e-08	
1.56001e-05	1.67988e-08	
1.56625e-05	3.40729e-09	
1.57249e-05	-6.43658e-09	
1.57873e-05	-1.26818e-08	
1.58497e-05	-1.57037e-08	
1.59121e-05	-1.59032e-08	
1.59745e-05	-1.44504e-08	
1.60369e-05	-1.28405e-08	
1.60993e-05	-1.12738e-08	
1.61617e-05	-8.75351e-09	
1.62241e-05	-4.74199e-09	
1.62865e-05	-3.56495e-10	
1.63489e-05	1.66581e-09	
1.64113e-05	-6.68491e-10	
1.64737e-05	-6.56541e-09	
1.65361e-05	-1.28767e-08	
1.65985e-05	-1.619e-08	
1.66609e-05	-1.47906e-08	
1.67233e-05	-9.28583e-09	
1.67857e-05	-1.73704e-09	
1.68481e-05	5.39183e-09	
1.69105e-05	1.02078e-08	
1.69729e-05	1.19043e-08	
1.70353e-05	1.11648e-08	
1.70977e-05	9.57492e-09	
1.71601e-05	7.60016e-09	
1.72225e-05	4.46116e-09	
1.72849e-05	2.33565e-10	
1.73473e-05	-2.8272e-09	
1.74097e-05	-1.49647e-09	
1.74721e-05	3.48099e-09	
1.75345e-05	6.61665e-09	
1.75969e-05	2.79556e-09	
1.76593e-05	-7.51026e-09	
1.77217e-05	-1.52432e-08	
1.77841e-05	-1.05771e-08	
1.78465e-05	1.12324e-08	
1.79089e-05	3.96856e-08	
1.79713e-05	5.94626e-08	
1.80337e-05	6.18503e-08	
1.80961e-05	4.14259e-08	
1.81585e-05	6.89022e-09	
1.82209e-05	-2.63067e-08	
1.82833e-05	-4.75762e-08	
1.83457e-05	-5.48856e-08	
1.84081e-05	-4.98262e-08	
1.84705e-05	-3.53562e-08	
1.85329e-05	-1.68446e-08	
1.85953e-05	8.4728e-10	
1.86577e-05	1.43583e-08	
1.87201e-05	2.25244e-08	
