0	0	
6.24003e-08	-1.19159e-07	
1.24801e-07	-2.58342e-07	
1.87201e-07	-3.79921e-07	
2.49601e-07	-3.78804e-07	
3.12002e-07	-2.55106e-07	
3.74402e-07	-1.13085e-07	
4.36802e-07	-2.87671e-08	
4.99203e-07	2.16307e-09	
5.61603e-07	9.54893e-09	
6.24003e-07	1.06996e-08	
6.86404e-07	1.08331e-08	
7.48804e-07	1.1035e-08	
8.11205e-07	1.10216e-08	
8.73605e-07	1.09944e-08	
9.36005e-07	1.09508e-08	
9.98406e-07	1.09864e-08	
1.06081e-06	1.09575e-08	
1.12321e-06	1.10051e-08	
1.18561e-06	1.10119e-08	
1.24801e-06	1.09341e-08	
1.31041e-06	1.09272e-08	
1.37281e-06	1.09361e-08	
1.43521e-06	1.09857e-08	
1.49761e-06	1.10176e-08	
1.56001e-06	1.10325e-08	
1.62241e-06	1.10204e-08	
1.68481e-06	1.1029e-08	
1.74721e-06	1.11946e-08	
1.80961e-06	1.15984e-08	
1.87201e-06	1.22784e-08	
1.93441e-06	1.32516e-08	
1.99681e-06	1.41388e-08	
2.05921e-06	1.48871e-08	
2.12161e-06	1.53013e-08	
2.18401e-06	1.55184e-08	
2.24641e-06	1.55588e-08	
2.30881e-06	1.54715e-08	
2.37121e-06	1.52861e-08	
2.43361e-06	1.5068e-08	
2.49601e-06	1.48985e-08	
2.55841e-06	1.47645e-08	
2.62081e-06	1.46753e-08	
2.68322e-06	1.46793e-08	
2.74562e-06	1.47844e-08	
2.80802e-06	1.49717e-08	
2.87042e-06	1.519e-08	
2.93282e-06	1.53554e-08	
2.99522e-06	1.54567e-08	
3.05762e-06	1.54782e-08	
3.12002e-06	1.55118e-08	
3.18242e-06	1.56389e-08	
3.24482e-06	1.60687e-08	
3.30722e-06	1.69308e-08	
3.36962e-06	1.81591e-08	
3.43202e-06	1.95282e-08	
3.49442e-06	2.08149e-08	
3.55682e-06	2.17868e-08	
3.61922e-06	2.22216e-08	
3.68162e-06	2.21075e-08	
3.74402e-06	2.14398e-08	
3.80642e-06	2.03506e-08	
3.86882e-06	1.90461e-08	
3.93122e-06	1.77139e-08	
3.99362e-06	1.64377e-08	
4.05602e-06	1.52754e-08	
4.11842e-06	1.42305e-08	
4.18082e-06	1.33132e-08	
4.24322e-06	1.25359e-08	
4.30562e-06	1.18695e-08	
4.36802e-06	1.12789e-08	
4.43042e-06	1.0748e-08	
4.49283e-06	1.02701e-08	
4.55523e-06	9.84865e-09	
4.61763e-06	9.4727e-09	
4.68003e-06	9.1176e-09	
4.74243e-06	8.79229e-09	
4.80483e-06	8.50693e-09	
4.86723e-06	8.2445e-09	
4.92963e-06	7.9586e-09	
4.99203e-06	7.62101e-09	
5.05443e-06	7.22443e-09	
5.11683e-06	6.79133e-09	
5.17923e-06	6.36135e-09	
5.24163e-06	5.94378e-09	
5.30403e-06	5.55084e-09	
5.36643e-06	5.21079e-09	
5.42883e-06	4.96433e-09	
5.49123e-06	4.84267e-09	
5.55363e-06	4.84851e-09	
5.61603e-06	4.95347e-09	
5.67843e-06	5.13908e-09	
5.74083e-06	5.37169e-09	
5.80323e-06	5.616e-09	
5.86563e-06	5.85059e-09	
5.92803e-06	6.04415e-09	
5.99043e-06	6.18703e-09	
6.05283e-06	6.27384e-09	
6.11523e-06	6.2924e-09	
6.17763e-06	6.23463e-09	
6.24003e-06	6.10035e-09	
6.30244e-06	5.90752e-09	
6.36484e-06	5.6848e-09	
6.42724e-06	5.46012e-09	
6.48964e-06	5.24238e-09	
6.55204e-06	5.04228e-09	
6.61444e-06	4.88129e-09	
6.67684e-06	4.68172e-09	
6.73924e-06	4.64905e-09	
6.80164e-06	4.45829e-09	
6.86404e-06	4.26085e-09	
6.92644e-06	4.58535e-09	
6.98884e-06	4.32031e-09	
7.05124e-06	3.28289e-09	
7.11364e-06	4.14575e-09	
7.17604e-06	6.94171e-09	
7.23844e-06	5.09323e-09	
7.30084e-06	-5.28627e-09	
7.36324e-06	-1.39964e-08	
7.42564e-06	7.92861e-09	
7.48804e-06	7.98177e-08	
7.55044e-06	1.54097e-07	
7.61284e-06	1.90915e-07	
7.67524e-06	1.74597e-07	
7.73764e-06	1.04094e-07	
7.80004e-06	1.59388e-08	
7.86244e-06	-5.18309e-08	
7.92484e-06	-8.66712e-08	
7.98724e-06	-9.46053e-08	
8.04965e-06	-8.40576e-08	
8.11205e-06	-6.47607e-08	
8.17445e-06	-4.22157e-08	
8.23685e-06	-1.98032e-08	
8.29925e-06	-5.01806e-09	
8.36165e-06	1.86078e-09	
8.42405e-06	1.00272e-08	
8.48645e-06	2.31731e-08	
8.54885e-06	3.7553e-08	
8.61125e-06	2.63255e-08	
8.67365e-06	-2.22609e-08	
8.73605e-06	-7.9263e-08	
8.79845e-06	-1.15601e-07	
8.86085e-06	-1.1353e-07	
8.92325e-06	-7.16143e-08	
8.98565e-06	-1.33469e-08	
9.04805e-06	3.36803e-08	
9.11045e-06	5.80379e-08	
9.17285e-06	6.3693e-08	
9.23525e-06	5.7946e-08	
9.29765e-06	4.64384e-08	
9.36005e-06	3.41116e-08	
9.42245e-06	2.41012e-08	
9.48485e-06	1.46443e-08	
9.54725e-06	3.6866e-09	
9.60965e-06	-6.95022e-09	
9.67205e-06	-1.09911e-08	
9.73445e-06	-5.46455e-09	
9.79685e-06	-1.93494e-09	
9.85926e-06	-1.40991e-08	
9.92166e-06	-4.11514e-08	
9.98406e-06	-6.82357e-08	
1.00465e-05	-8.1452e-08	
1.01089e-05	-7.50267e-08	
1.01713e-05	-5.31313e-08	
1.02337e-05	-2.77629e-08	
1.02961e-05	-7.39979e-09	
1.03585e-05	6.57692e-09	
1.04209e-05	1.65386e-08	
1.04833e-05	2.36079e-08	
1.05457e-05	2.77665e-08	
1.06081e-05	2.91462e-08	
1.06705e-05	2.63345e-08	
1.07329e-05	1.74848e-08	
1.07953e-05	3.90084e-09	
1.08577e-05	-8.80319e-09	
1.09201e-05	-1.51432e-08	
1.09825e-05	-1.58851e-08	
1.10449e-05	-1.77397e-08	
1.11073e-05	-2.56637e-08	
1.11697e-05	-3.85164e-08	
1.12321e-05	-4.96769e-08	
1.12945e-05	-5.28953e-08	
1.13569e-05	-4.70864e-08	
1.14193e-05	-3.56525e-08	
1.14817e-05	-2.34123e-08	
1.15441e-05	-1.31199e-08	
1.16065e-05	-4.50404e-09	
1.16689e-05	3.20699e-09	
1.17313e-05	9.65219e-09	
1.17937e-05	1.45508e-08	
1.18561e-05	1.71644e-08	
1.19185e-05	1.60914e-08	
1.19809e-05	1.02366e-08	
1.20433e-05	1.51307e-09	
1.21057e-05	-6.17752e-09	
1.21681e-05	-9.94492e-09	
1.22305e-05	-1.04194e-08	
1.22929e-05	-1.07036e-08	
1.23553e-05	-1.30224e-08	
1.24177e-05	-1.67233e-08	
1.24801e-05	-1.9052e-08	
1.25425e-05	-1.82172e-08	
1.26049e-05	-1.44109e-08	
1.26673e-05	-9.54119e-09	
1.27297e-05	-5.35164e-09	
1.27921e-05	-2.2295e-09	
1.28545e-05	5.1973e-10	
1.29169e-05	3.66022e-09	
1.29793e-05	7.53921e-09	
1.30417e-05	1.18576e-08	
1.31041e-05	1.54926e-08	
1.31665e-05	1.68267e-08	
1.32289e-05	1.49947e-08	
1.32913e-05	1.10225e-08	
1.33537e-05	6.89347e-09	
1.34161e-05	3.62815e-09	
1.34785e-05	3.91961e-10	
1.35409e-05	-4.03017e-09	
1.36033e-05	-9.85144e-09	
1.36657e-05	-1.56241e-08	
1.37281e-05	-1.93453e-08	
1.37905e-05	-2.01266e-08	
1.38529e-05	-1.83809e-08	
1.39153e-05	-1.55164e-08	
1.39777e-05	-1.24027e-08	
1.40401e-05	-9.04937e-09	
1.41025e-05	-5.66288e-09	
1.41649e-05	-2.66836e-09	
1.42273e-05	8.67209e-10	
1.42897e-05	5.95402e-09	
1.43521e-05	1.12062e-08	
1.44145e-05	1.35107e-08	
1.44769e-05	1.02358e-08	
1.45393e-05	3.79217e-09	
1.46017e-05	1.4458e-09	
1.46641e-05	6.36599e-09	
1.47265e-05	1.39895e-08	
1.47889e-05	1.50522e-08	
1.48513e-05	-2.40716e-10	
1.49137e-05	-2.91549e-08	
1.49761e-05	-5.61688e-08	
1.50385e-05	-6.92378e-08	
1.51009e-05	-6.10282e-08	
1.51633e-05	-3.14782e-08	
1.52257e-05	5.4246e-09	
1.52881e-05	3.58019e-08	
1.53505e-05	5.33427e-08	
1.54129e-05	5.8229e-08	
1.54753e-05	4.96965e-08	
1.55377e-05	3.20754e-08	
1.56001e-05	1.45959e-08	
1.56625e-05	5.2147e-09	
1.57249e-05	2.8596e-09	
1.57873e-05	-2.20277e-09	
1.58497e-05	-1.49722e-08	
1.59121e-05	-3.18133e-08	
1.59745e-05	-4.06849e-08	
1.60369e-05	-2.63353e-08	
1.60993e-05	1.22128e-08	
1.61617e-05	5.42397e-08	
1.62241e-05	8.08432e-08	
1.62865e-05	8.10888e-08	
1.63489e-05	5.13915e-08	
1.64113e-05	6.16496e-09	
1.64737e-05	-3.44607e-08	
1.65361e-05	-5.96083e-08	
1.65985e-05	-6.65318e-08	
1.66609e-05	-5.83804e-08	
1.67233e-05	-4.12445e-08	
1.67857e-05	-2.21725e-08	
1.68481e-05	-5.01726e-09	
1.69105e-05	9.75468e-09	
1.69729e-05	2.18617e-08	
1.70353e-05	2.95976e-08	
1.70977e-05	3.03717e-08	
1.71601e-05	2.45155e-08	
1.72225e-05	1.52994e-08	
1.72849e-05	7.71866e-09	
1.73473e-05	5.68014e-09	
1.74097e-05	9.50688e-09	
1.74721e-05	1.54796e-08	
1.75345e-05	1.96458e-08	
1.75969e-05	1.99283e-08	
1.76593e-05	1.59837e-08	
1.77217e-05	8.5253e-09	
1.77841e-05	-4.98034e-10	
1.78465e-05	-8.677e-09	
1.79089e-05	-1.43163e-08	
1.79713e-05	-1.72339e-08	
1.80337e-05	-1.85057e-08	
1.80961e-05	-1.75629e-08	
1.81585e-05	-1.21031e-08	
1.82209e-05	-1.3245e-09	
1.82833e-05	1.20496e-08	
1.83457e-05	2.23921e-08	
1.84081e-05	2.50914e-08	
1.84705e-05	1.94976e-08	
1.85329e-05	9.42235e-09	
1.85953e-05	6.474e-10	
1.86577e-05	-3.18276e-09	
1.87201e-05	-1.78991e-09	
