0	0	
6.24003e-08	-1.19159e-07	
1.24801e-07	-2.58342e-07	
1.87201e-07	-3.79921e-07	
2.49601e-07	-3.78804e-07	
3.12002e-07	-2.55106e-07	
3.74402e-07	-1.13085e-07	
4.36802e-07	-2.87671e-08	
4.99203e-07	2.16307e-09	
5.61603e-07	9.54893e-09	
6.24003e-07	1.06996e-08	
6.86404e-07	1.08331e-08	
7.48804e-07	1.1035e-08	
8.11205e-07	1.10216e-08	
8.73605e-07	1.09944e-08	
9.36005e-07	1.09508e-08	
9.98406e-07	1.09864e-08	
1.06081e-06	1.09575e-08	
1.12321e-06	1.10051e-08	
1.18561e-06	1.10119e-08	
1.24801e-06	1.09341e-08	
1.31041e-06	1.09272e-08	
1.37281e-06	1.09361e-08	
1.43521e-06	1.09857e-08	
1.49761e-06	1.10176e-08	
1.56001e-06	1.10325e-08	
1.62241e-06	1.10204e-08	
1.68481e-06	1.1029e-08	
1.74721e-06	1.11946e-08	
1.80961e-06	1.15984e-08	
1.87201e-06	1.22784e-08	
1.93441e-06	1.32516e-08	
1.99681e-06	1.41388e-08	
2.05921e-06	1.48871e-08	
2.12161e-06	1.53013e-08	
2.18401e-06	1.55184e-08	
2.24641e-06	1.55588e-08	
2.30881e-06	1.54715e-08	
2.37121e-06	1.52861e-08	
2.43361e-06	1.5068e-08	
2.49601e-06	1.48985e-08	
2.55841e-06	1.47645e-08	
2.62081e-06	1.46753e-08	
2.68322e-06	1.46793e-08	
2.74562e-06	1.47844e-08	
2.80802e-06	1.49717e-08	
2.87042e-06	1.519e-08	
2.93282e-06	1.53554e-08	
2.99522e-06	1.54567e-08	
3.05762e-06	1.54782e-08	
3.12002e-06	1.55118e-08	
3.18242e-06	1.56389e-08	
3.24482e-06	1.60687e-08	
3.30722e-06	1.69308e-08	
3.36962e-06	1.81591e-08	
3.43202e-06	1.95282e-08	
3.49442e-06	2.08149e-08	
3.55682e-06	2.17868e-08	
3.61922e-06	2.22216e-08	
3.68162e-06	2.21075e-08	
3.74402e-06	2.14398e-08	
3.80642e-06	2.03506e-08	
3.86882e-06	1.90461e-08	
3.93122e-06	1.77139e-08	
3.99362e-06	1.64377e-08	
4.05602e-06	1.52754e-08	
4.11842e-06	1.42305e-08	
4.18082e-06	1.33132e-08	
4.24322e-06	1.25359e-08	
4.30562e-06	1.18695e-08	
4.36802e-06	1.12789e-08	
4.43042e-06	1.0748e-08	
4.49283e-06	1.02701e-08	
4.55523e-06	9.84865e-09	
4.61763e-06	9.4727e-09	
4.68003e-06	9.1176e-09	
4.74243e-06	8.79229e-09	
4.80483e-06	8.50693e-09	
4.86723e-06	8.2445e-09	
4.92963e-06	7.9586e-09	
4.99203e-06	7.62101e-09	
5.05443e-06	7.22443e-09	
5.11683e-06	6.79133e-09	
5.17923e-06	6.36135e-09	
5.24163e-06	5.94378e-09	
5.30403e-06	5.55084e-09	
5.36643e-06	5.21079e-09	
5.42883e-06	4.96433e-09	
5.49123e-06	4.84267e-09	
5.55363e-06	4.84851e-09	
5.61603e-06	4.95347e-09	
5.67843e-06	5.13908e-09	
5.74083e-06	5.37169e-09	
5.80323e-06	5.616e-09	
5.86563e-06	5.85059e-09	
5.92803e-06	6.04415e-09	
5.99043e-06	6.18703e-09	
6.05283e-06	6.27384e-09	
6.11523e-06	6.2924e-09	
6.17763e-06	6.23463e-09	
6.24003e-06	6.10035e-09	
6.30244e-06	5.90752e-09	
6.36484e-06	5.6848e-09	
6.42724e-06	5.46012e-09	
6.48964e-06	5.24238e-09	
6.55204e-06	5.04228e-09	
6.61444e-06	4.88129e-09	
6.67684e-06	4.68172e-09	
6.73924e-06	4.64905e-09	
6.80164e-06	4.45829e-09	
6.86404e-06	4.26085e-09	
6.92644e-06	4.58535e-09	
6.98884e-06	4.32031e-09	
7.05124e-06	3.28289e-09	
7.11364e-06	4.14575e-09	
7.17604e-06	6.94171e-09	
7.23844e-06	5.09324e-09	
7.30084e-06	-5.28628e-09	
7.36324e-06	-1.39964e-08	
7.42564e-06	7.92831e-09	
7.48804e-06	7.98183e-08	
7.55044e-06	1.54096e-07	
7.61284e-06	1.90919e-07	
7.67524e-06	1.74589e-07	
7.73764e-06	1.04101e-07	
7.80004e-06	1.59491e-08	
7.86244e-06	-5.18775e-08	
7.92484e-06	-8.65742e-08	
7.98724e-06	-9.46339e-08	
8.04965e-06	-8.44412e-08	
8.11205e-06	-6.42513e-08	
8.17445e-06	-4.16637e-08	
8.23685e-06	-2.15398e-08	
8.29925e-06	-5.66627e-09	
8.36165e-06	5.71809e-09	
8.42405e-06	1.31768e-08	
8.48645e-06	1.81252e-08	
8.54885e-06	2.06456e-08	
8.61125e-06	2.09651e-08	
8.67365e-06	2.09972e-08	
8.73605e-06	2.06804e-08	
8.79845e-06	1.68189e-08	
8.86085e-06	1.16317e-08	
8.92325e-06	1.03407e-08	
8.98565e-06	1.86492e-08	
9.04805e-06	2.31246e-08	
9.11045e-06	3.36563e-10	
9.17285e-06	-4.85253e-08	
9.23525e-06	-9.73227e-08	
9.29765e-06	-1.19497e-07	
9.36005e-06	-1.02165e-07	
9.42245e-06	-5.22955e-08	
9.48485e-06	2.06485e-09	
9.54725e-06	3.86985e-08	
9.60965e-06	5.30758e-08	
9.67205e-06	5.06843e-08	
9.73445e-06	3.93236e-08	
9.79685e-06	2.62336e-08	
9.85926e-06	1.53944e-08	
9.92166e-06	7.6485e-09	
9.98406e-06	2.35657e-09	
1.00465e-05	-1.81627e-09	
1.01089e-05	-5.07153e-09	
1.01713e-05	-7.31129e-09	
1.02337e-05	-9.16196e-09	
1.02961e-05	-1.05238e-08	
1.03585e-05	-1.03525e-08	
1.04209e-05	-9.31173e-09	
1.04833e-05	-9.757e-09	
1.05457e-05	-1.22583e-08	
1.06081e-05	-1.28334e-08	
1.06705e-05	-7.32795e-09	
1.07329e-05	-1.25145e-09	
1.07953e-05	-3.79813e-09	
1.08577e-05	-2.08623e-08	
1.09201e-05	-4.50417e-08	
1.09825e-05	-6.15026e-08	
1.10449e-05	-6.18493e-08	
1.11073e-05	-4.6127e-08	
1.11697e-05	-2.35429e-08	
1.12321e-05	-5.34736e-09	
1.12945e-05	3.84368e-09	
1.13569e-05	5.34317e-09	
1.14193e-05	2.9591e-09	
1.14817e-05	1.20602e-10	
1.15441e-05	-1.36135e-09	
1.16065e-05	-1.0491e-09	
1.16689e-05	5.11155e-10	
1.17313e-05	2.27965e-09	
1.17937e-05	3.60067e-09	
1.18561e-05	3.84143e-09	
1.19185e-05	2.14784e-09	
1.19809e-05	-1.46613e-09	
1.20433e-05	-5.82768e-09	
1.21057e-05	-1.00298e-08	
1.21681e-05	-1.45701e-08	
1.22305e-05	-1.90139e-08	
1.22929e-05	-2.08905e-08	
1.23553e-05	-1.74879e-08	
1.24177e-05	-1.01429e-08	
1.24801e-05	-4.10739e-09	
1.25425e-05	-3.62994e-09	
1.26049e-05	-9.13762e-09	
1.26673e-05	-1.57112e-08	
1.27297e-05	-1.78667e-08	
1.27921e-05	-1.33712e-08	
1.28545e-05	-4.41427e-09	
1.29169e-05	4.16696e-09	
1.29793e-05	9.17224e-09	
1.30417e-05	9.9874e-09	
1.31041e-05	7.73655e-09	
1.31665e-05	4.24264e-09	
1.32289e-05	9.64394e-10	
1.32913e-05	-1.13007e-09	
1.33537e-05	-1.77443e-09	
1.34161e-05	-1.0637e-09	
1.34785e-05	7.03013e-10	
1.35409e-05	2.90815e-09	
1.36033e-05	4.57939e-09	
1.36657e-05	4.95964e-09	
1.37281e-05	4.2544e-09	
1.37905e-05	2.60189e-09	
1.38529e-05	-3.34264e-10	
1.39153e-05	-4.49888e-09	
1.39777e-05	-8.19011e-09	
1.40401e-05	-9.18478e-09	
1.41025e-05	-7.13005e-09	
1.41649e-05	-4.49491e-09	
1.42273e-05	-3.64056e-09	
1.42897e-05	-4.98647e-09	
1.43521e-05	-7.55549e-09	
1.44145e-05	-1.06887e-08	
1.44769e-05	-1.42615e-08	
1.45393e-05	-1.63056e-08	
1.46017e-05	-1.28165e-08	
1.46641e-05	-1.85664e-09	
1.47265e-05	1.02067e-08	
1.47889e-05	1.47396e-08	
1.48513e-05	3.31455e-09	
1.49137e-05	-2.29473e-08	
1.49761e-05	-4.90986e-08	
1.50385e-05	-6.28695e-08	
1.51009e-05	-5.63151e-08	
1.51633e-05	-2.75917e-08	
1.52257e-05	1.11333e-08	
1.52881e-05	4.37045e-08	
1.53505e-05	6.21499e-08	
1.54129e-05	6.60685e-08	
1.54753e-05	5.74131e-08	
1.55377e-05	4.04851e-08	
1.56001e-05	2.07647e-08	
1.56625e-05	2.37306e-09	
1.57249e-05	-1.13914e-08	
1.57873e-05	-1.86011e-08	
1.58497e-05	-2.00609e-08	
1.59121e-05	-1.93958e-08	
1.59745e-05	-2.01806e-08	
1.60369e-05	-2.30412e-08	
1.60993e-05	-2.28447e-08	
1.61617e-05	-1.59042e-08	
1.62241e-05	-6.16655e-09	
1.62865e-05	-2.25533e-09	
1.63489e-05	-7.14157e-09	
1.64113e-05	-1.63619e-08	
1.64737e-05	-1.66738e-08	
1.65361e-05	5.0203e-09	
1.65985e-05	4.05776e-08	
1.66609e-05	7.28012e-08	
1.67233e-05	8.64601e-08	
1.67857e-05	7.19529e-08	
1.68481e-05	3.28676e-08	
1.69105e-05	-1.14517e-08	
1.69729e-05	-4.35927e-08	
1.70353e-05	-5.83338e-08	
1.70977e-05	-5.60582e-08	
1.71601e-05	-4.2019e-08	
1.72225e-05	-2.35389e-08	
1.72849e-05	-6.72073e-09	
1.73473e-05	5.04853e-09	
1.74097e-05	1.17602e-08	
1.74721e-05	1.48914e-08	
1.75345e-05	1.62511e-08	
1.75969e-05	1.6483e-08	
1.76593e-05	1.5084e-08	
1.77217e-05	1.14202e-08	
1.77841e-05	6.32209e-09	
1.78465e-05	2.42643e-09	
1.79089e-05	2.0754e-09	
1.79713e-05	4.42603e-09	
1.80337e-05	6.36824e-09	
1.80961e-05	5.35014e-09	
1.81585e-05	1.67877e-09	
1.82209e-05	-1.65844e-09	
1.82833e-05	-1.46159e-09	
1.83457e-05	3.20357e-09	
1.84081e-05	9.98343e-09	
1.84705e-05	1.47804e-08	
1.85329e-05	1.55635e-08	
1.85953e-05	1.23592e-08	
1.86577e-05	7.11598e-09	
1.87201e-05	2.23603e-09	
