0	0	
6.24003e-08	-1.19159e-07	
1.24801e-07	-2.58342e-07	
1.87201e-07	-3.79921e-07	
2.49601e-07	-3.78804e-07	
3.12002e-07	-2.55106e-07	
3.74402e-07	-1.13085e-07	
4.36802e-07	-2.87671e-08	
4.99203e-07	2.16307e-09	
5.61603e-07	9.54893e-09	
6.24003e-07	1.06996e-08	
6.86404e-07	1.08331e-08	
7.48804e-07	1.1035e-08	
8.11205e-07	1.10216e-08	
8.73605e-07	1.09944e-08	
9.36005e-07	1.09508e-08	
9.98406e-07	1.09864e-08	
1.06081e-06	1.09575e-08	
1.12321e-06	1.10051e-08	
1.18561e-06	1.10119e-08	
1.24801e-06	1.09341e-08	
1.31041e-06	1.09272e-08	
1.37281e-06	1.09361e-08	
1.43521e-06	1.09857e-08	
1.49761e-06	1.10176e-08	
1.56001e-06	1.10325e-08	
1.62241e-06	1.10204e-08	
1.68481e-06	1.1029e-08	
1.74721e-06	1.11946e-08	
1.80961e-06	1.15984e-08	
1.87201e-06	1.22784e-08	
1.93441e-06	1.32516e-08	
1.99681e-06	1.41388e-08	
2.05921e-06	1.48871e-08	
2.12161e-06	1.53013e-08	
2.18401e-06	1.55184e-08	
2.24641e-06	1.55588e-08	
2.30881e-06	1.54715e-08	
2.37121e-06	1.52861e-08	
2.43361e-06	1.5068e-08	
2.49601e-06	1.48985e-08	
2.55841e-06	1.47645e-08	
2.62081e-06	1.46753e-08	
2.68322e-06	1.46793e-08	
2.74562e-06	1.47844e-08	
2.80802e-06	1.49717e-08	
2.87042e-06	1.519e-08	
2.93282e-06	1.53554e-08	
2.99522e-06	1.54567e-08	
3.05762e-06	1.54782e-08	
3.12002e-06	1.55118e-08	
3.18242e-06	1.56389e-08	
3.24482e-06	1.60687e-08	
3.30722e-06	1.69308e-08	
3.36962e-06	1.81591e-08	
3.43202e-06	1.95282e-08	
3.49442e-06	2.08149e-08	
3.55682e-06	2.17868e-08	
3.61922e-06	2.22216e-08	
3.68162e-06	2.21075e-08	
3.74402e-06	2.14398e-08	
3.80642e-06	2.03506e-08	
3.86882e-06	1.90461e-08	
3.93122e-06	1.77139e-08	
3.99362e-06	1.64377e-08	
4.05602e-06	1.52754e-08	
4.11842e-06	1.42305e-08	
4.18082e-06	1.33132e-08	
4.24322e-06	1.25359e-08	
4.30562e-06	1.18695e-08	
4.36802e-06	1.12789e-08	
4.43042e-06	1.0748e-08	
4.49283e-06	1.02701e-08	
4.55523e-06	9.84865e-09	
4.61763e-06	9.4727e-09	
4.68003e-06	9.1176e-09	
4.74243e-06	8.79229e-09	
4.80483e-06	8.50693e-09	
4.86723e-06	8.2445e-09	
4.92963e-06	7.9586e-09	
4.99203e-06	7.62101e-09	
5.05443e-06	7.22443e-09	
5.11683e-06	6.79133e-09	
5.17923e-06	6.36135e-09	
5.24163e-06	5.94378e-09	
5.30403e-06	5.55084e-09	
5.36643e-06	5.21079e-09	
5.42883e-06	4.96433e-09	
5.49123e-06	4.84267e-09	
5.55363e-06	4.84851e-09	
5.61603e-06	4.95347e-09	
5.67843e-06	5.13908e-09	
5.74083e-06	5.37169e-09	
5.80323e-06	5.616e-09	
5.86563e-06	5.85059e-09	
5.92803e-06	6.04415e-09	
5.99043e-06	6.18703e-09	
6.05283e-06	6.27384e-09	
6.11523e-06	6.2924e-09	
6.17763e-06	6.23463e-09	
6.24003e-06	6.10035e-09	
6.30244e-06	5.90752e-09	
6.36484e-06	5.6848e-09	
6.42724e-06	5.46012e-09	
6.48964e-06	5.24238e-09	
6.55204e-06	5.04228e-09	
6.61444e-06	4.88129e-09	
6.67684e-06	4.68172e-09	
6.73924e-06	4.64905e-09	
6.80164e-06	4.45829e-09	
6.86404e-06	4.26085e-09	
6.92644e-06	4.58535e-09	
6.98884e-06	4.32031e-09	
7.05124e-06	3.28289e-09	
7.11364e-06	4.14575e-09	
7.17604e-06	6.94171e-09	
7.23844e-06	5.09324e-09	
7.30084e-06	-5.28628e-09	
7.36324e-06	-1.39964e-08	
7.42564e-06	7.92831e-09	
7.48804e-06	7.98183e-08	
7.55044e-06	1.54096e-07	
7.61284e-06	1.90919e-07	
7.67524e-06	1.74589e-07	
7.73764e-06	1.04101e-07	
7.80004e-06	1.59491e-08	
7.86244e-06	-5.18775e-08	
7.92484e-06	-8.6574e-08	
7.98724e-06	-9.46341e-08	
8.04965e-06	-8.44413e-08	
8.11205e-06	-6.42486e-08	
8.17445e-06	-4.16709e-08	
8.23685e-06	-2.15246e-08	
8.29925e-06	-5.68774e-09	
8.36165e-06	5.71641e-09	
8.42405e-06	1.3249e-08	
8.48645e-06	1.80317e-08	
8.54885e-06	2.05393e-08	
8.61125e-06	2.1385e-08	
8.67365e-06	2.09679e-08	
8.73605e-06	1.94958e-08	
8.79845e-06	1.73002e-08	
8.86085e-06	1.47327e-08	
8.92325e-06	1.20565e-08	
8.98565e-06	9.57058e-09	
9.04805e-06	7.44391e-09	
9.11045e-06	5.67114e-09	
9.17285e-06	4.20219e-09	
9.23525e-06	3.08051e-09	
9.29765e-06	2.12009e-09	
9.36005e-06	1.33418e-09	
9.42245e-06	8.87065e-10	
9.48485e-06	1.57021e-10	
9.54725e-06	-6.35852e-10	
9.60965e-06	8.85845e-12	
9.67205e-06	2.23315e-10	
9.73445e-06	-1.86607e-09	
9.79685e-06	-4.32443e-09	
9.85926e-06	-1.89659e-10	
9.92166e-06	9.44683e-09	
9.98406e-06	1.09225e-08	
1.00465e-05	-1.16516e-08	
1.01089e-05	-5.3161e-08	
1.01713e-05	-8.7777e-08	
1.02337e-05	-9.83672e-08	
1.02961e-05	-7.64283e-08	
1.03585e-05	-3.14911e-08	
1.04209e-05	1.23903e-08	
1.04833e-05	3.97212e-08	
1.05457e-05	4.93033e-08	
1.06081e-05	4.48562e-08	
1.06705e-05	3.17e-08	
1.07329e-05	1.55917e-08	
1.07953e-05	1.09394e-09	
1.08577e-05	-9.55275e-09	
1.09201e-05	-1.56425e-08	
1.09825e-05	-1.74519e-08	
1.10449e-05	-1.61727e-08	
1.11073e-05	-1.33961e-08	
1.11697e-05	-1.06483e-08	
1.12321e-05	-8.71772e-09	
1.12945e-05	-7.99711e-09	
1.13569e-05	-8.27923e-09	
1.14193e-05	-9.0834e-09	
1.14817e-05	-1.01023e-08	
1.15441e-05	-1.11951e-08	
1.16065e-05	-1.21718e-08	
1.16689e-05	-1.2916e-08	
1.17313e-05	-1.32224e-08	
1.17937e-05	-1.31358e-08	
1.18561e-05	-1.26685e-08	
1.19185e-05	-1.17704e-08	
1.19809e-05	-1.03219e-08	
1.20433e-05	-8.81387e-09	
1.21057e-05	-7.71963e-09	
1.21681e-05	-6.35932e-09	
1.22305e-05	-4.21379e-09	
1.22929e-05	-2.67312e-09	
1.23553e-05	-2.97883e-09	
1.24177e-05	-3.38432e-09	
1.24801e-05	-2.72338e-10	
1.25425e-05	6.04311e-09	
1.26049e-05	9.61231e-09	
1.26673e-05	4.33322e-09	
1.27297e-05	-1.08115e-08	
1.27921e-05	-2.74037e-08	
1.28545e-05	-3.64305e-08	
1.29169e-05	-3.41342e-08	
1.29793e-05	-2.13395e-08	
1.30417e-05	-5.11935e-09	
1.31041e-05	7.9076e-09	
1.31665e-05	1.48817e-08	
1.32289e-05	1.6054e-08	
1.32913e-05	1.29615e-08	
1.33537e-05	7.56308e-09	
1.34161e-05	2.0531e-09	
1.34785e-05	-2.05075e-09	
1.35409e-05	-3.9691e-09	
1.36033e-05	-3.81794e-09	
1.36657e-05	-2.35008e-09	
1.37281e-05	-6.14187e-10	
1.37905e-05	7.52291e-10	
1.38529e-05	1.47469e-09	
1.39153e-05	1.69854e-09	
1.39777e-05	1.94669e-09	
1.40401e-05	2.47227e-09	
1.41025e-05	2.56344e-09	
1.41649e-05	1.14751e-09	
1.42273e-05	-1.6588e-09	
1.42897e-05	-4.21215e-09	
1.43521e-05	-5.70742e-09	
1.44145e-05	-7.28725e-09	
1.44769e-05	-1.05084e-08	
1.45393e-05	-1.3258e-08	
1.46017e-05	-1.12835e-08	
1.46641e-05	-1.49998e-09	
1.47265e-05	1.03071e-08	
1.47889e-05	1.59075e-08	
1.48513e-05	6.89297e-09	
1.49137e-05	-1.74371e-08	
1.49761e-05	-4.36959e-08	
1.50385e-05	-5.83628e-08	
1.51009e-05	-5.26334e-08	
1.51633e-05	-2.41932e-08	
1.52257e-05	1.22293e-08	
1.52881e-05	3.88359e-08	
1.53505e-05	4.93257e-08	
1.54129e-05	4.47023e-08	
1.54753e-05	2.96197e-08	
1.55377e-05	1.22442e-08	
1.56001e-05	-1.30205e-09	
1.56625e-05	-9.06717e-09	
1.57249e-05	-1.20789e-08	
1.57873e-05	-1.22782e-08	
1.58497e-05	-1.16237e-08	
1.59121e-05	-1.1051e-08	
1.59745e-05	-1.07613e-08	
1.60369e-05	-1.05258e-08	
1.60993e-05	-9.90615e-09	
1.61617e-05	-8.54295e-09	
1.62241e-05	-6.46588e-09	
1.62865e-05	-3.88227e-09	
1.63489e-05	-1.31134e-09	
1.64113e-05	9.21072e-10	
1.64737e-05	3.06909e-09	
1.65361e-05	4.9525e-09	
1.65985e-05	6.07258e-09	
1.66609e-05	6.50099e-09	
1.67233e-05	7.06532e-09	
1.67857e-05	7.51099e-09	
1.68481e-05	6.4112e-09	
1.69105e-05	2.8253e-09	
1.69729e-05	-9.78432e-10	
1.70353e-05	-1.51495e-09	
1.70977e-05	2.39625e-09	
1.71601e-05	5.7331e-09	
1.72225e-05	2.99493e-09	
1.72849e-05	-8.0589e-09	
1.73473e-05	-1.84501e-08	
1.74097e-05	-1.78805e-08	
1.74721e-05	2.19607e-09	
1.75345e-05	3.3544e-08	
1.75969e-05	5.76534e-08	
1.76593e-05	6.52957e-08	
1.77217e-05	4.97514e-08	
1.77841e-05	1.71305e-08	
1.78465e-05	-1.79134e-08	
1.79089e-05	-4.3183e-08	
1.79713e-05	-5.49097e-08	
1.80337e-05	-5.45438e-08	
1.80961e-05	-4.31708e-08	
1.81585e-05	-2.47555e-08	
1.82209e-05	-4.70813e-09	
1.82833e-05	1.18539e-08	
1.83457e-05	2.21601e-08	
1.84081e-05	2.59739e-08	
1.84705e-05	2.4407e-08	
1.85329e-05	1.92217e-08	
1.85953e-05	1.26185e-08	
1.86577e-05	6.48443e-09	
1.87201e-05	1.8244e-09	
