0	0	
6.24003e-08	-1.19159e-07	
1.24801e-07	-2.58342e-07	
1.87201e-07	-3.79921e-07	
2.49601e-07	-3.78804e-07	
3.12002e-07	-2.55106e-07	
3.74402e-07	-1.13085e-07	
4.36802e-07	-2.87671e-08	
4.99203e-07	2.16307e-09	
5.61603e-07	9.54893e-09	
6.24003e-07	1.06996e-08	
6.86404e-07	1.08331e-08	
7.48804e-07	1.1035e-08	
8.11205e-07	1.10216e-08	
8.73605e-07	1.09944e-08	
9.36005e-07	1.09508e-08	
9.98406e-07	1.09864e-08	
1.06081e-06	1.09575e-08	
1.12321e-06	1.10051e-08	
1.18561e-06	1.10119e-08	
1.24801e-06	1.09341e-08	
1.31041e-06	1.09272e-08	
1.37281e-06	1.09361e-08	
1.43521e-06	1.09857e-08	
1.49761e-06	1.10176e-08	
1.56001e-06	1.10325e-08	
1.62241e-06	1.10204e-08	
1.68481e-06	1.1029e-08	
1.74721e-06	1.11946e-08	
1.80961e-06	1.15984e-08	
1.87201e-06	1.22784e-08	
1.93441e-06	1.32516e-08	
1.99681e-06	1.41388e-08	
2.05921e-06	1.48871e-08	
2.12161e-06	1.53013e-08	
2.18401e-06	1.55184e-08	
2.24641e-06	1.55588e-08	
2.30881e-06	1.54715e-08	
2.37121e-06	1.52861e-08	
2.43361e-06	1.5068e-08	
2.49601e-06	1.48985e-08	
2.55841e-06	1.47645e-08	
2.62081e-06	1.46753e-08	
2.68322e-06	1.46793e-08	
2.74562e-06	1.47844e-08	
2.80802e-06	1.49717e-08	
2.87042e-06	1.519e-08	
2.93282e-06	1.53554e-08	
2.99522e-06	1.54567e-08	
3.05762e-06	1.54782e-08	
3.12002e-06	1.55118e-08	
3.18242e-06	1.56389e-08	
3.24482e-06	1.60687e-08	
3.30722e-06	1.69308e-08	
3.36962e-06	1.81591e-08	
3.43202e-06	1.95282e-08	
3.49442e-06	2.08149e-08	
3.55682e-06	2.17868e-08	
3.61922e-06	2.22216e-08	
3.68162e-06	2.21075e-08	
3.74402e-06	2.14398e-08	
3.80642e-06	2.03506e-08	
3.86882e-06	1.90461e-08	
3.93122e-06	1.77139e-08	
3.99362e-06	1.64377e-08	
4.05602e-06	1.52754e-08	
4.11842e-06	1.42305e-08	
4.18082e-06	1.33132e-08	
4.24322e-06	1.25359e-08	
4.30562e-06	1.18695e-08	
4.36802e-06	1.12789e-08	
4.43042e-06	1.0748e-08	
4.49283e-06	1.02701e-08	
4.55523e-06	9.84865e-09	
4.61763e-06	9.4727e-09	
4.68003e-06	9.1176e-09	
4.74243e-06	8.79229e-09	
4.80483e-06	8.50693e-09	
4.86723e-06	8.2445e-09	
4.92963e-06	7.9586e-09	
4.99203e-06	7.62101e-09	
5.05443e-06	7.22443e-09	
5.11683e-06	6.79133e-09	
5.17923e-06	6.36135e-09	
5.24163e-06	5.94378e-09	
5.30403e-06	5.55084e-09	
5.36643e-06	5.21079e-09	
5.42883e-06	4.96433e-09	
5.49123e-06	4.84267e-09	
5.55363e-06	4.84851e-09	
5.61603e-06	4.95347e-09	
5.67843e-06	5.13908e-09	
5.74083e-06	5.37169e-09	
5.80323e-06	5.616e-09	
5.86563e-06	5.85059e-09	
5.92803e-06	6.04415e-09	
5.99043e-06	6.18703e-09	
6.05283e-06	6.27384e-09	
6.11523e-06	6.2924e-09	
6.17763e-06	6.23463e-09	
6.24003e-06	6.10035e-09	
6.30244e-06	5.90752e-09	
6.36484e-06	5.6848e-09	
6.42724e-06	5.46012e-09	
6.48964e-06	5.24238e-09	
6.55204e-06	5.04228e-09	
6.61444e-06	4.88129e-09	
6.67684e-06	4.68172e-09	
6.73924e-06	4.64905e-09	
6.80164e-06	4.45829e-09	
6.86404e-06	4.26085e-09	
6.92644e-06	4.58535e-09	
6.98884e-06	4.32031e-09	
7.05124e-06	3.28289e-09	
7.11364e-06	4.14575e-09	
7.17604e-06	6.94171e-09	
7.23844e-06	5.09324e-09	
7.30084e-06	-5.28628e-09	
7.36324e-06	-1.39964e-08	
7.42564e-06	7.92831e-09	
7.48804e-06	7.98183e-08	
7.55044e-06	1.54096e-07	
7.61284e-06	1.90919e-07	
7.67524e-06	1.74589e-07	
7.73764e-06	1.04101e-07	
7.80004e-06	1.59491e-08	
7.86244e-06	-5.18775e-08	
7.92484e-06	-8.6574e-08	
7.98724e-06	-9.46341e-08	
8.04965e-06	-8.44413e-08	
8.11205e-06	-6.42486e-08	
8.17445e-06	-4.16709e-08	
8.23685e-06	-2.15246e-08	
8.29925e-06	-5.68774e-09	
8.36165e-06	5.71641e-09	
8.42405e-06	1.3249e-08	
8.48645e-06	1.80317e-08	
8.54885e-06	2.05393e-08	
8.61125e-06	2.13851e-08	
8.67365e-06	2.09678e-08	
8.73605e-06	1.94959e-08	
8.79845e-06	1.73e-08	
8.86085e-06	1.47332e-08	
8.92325e-06	1.20554e-08	
8.98565e-06	9.57272e-09	
9.04805e-06	7.44094e-09	
9.11045e-06	5.6733e-09	
9.17285e-06	4.20936e-09	
9.23525e-06	3.05423e-09	
9.29765e-06	2.1488e-09	
9.36005e-06	1.37853e-09	
9.42245e-06	7.32451e-10	
9.48485e-06	2.15527e-10	
9.54725e-06	-2.04171e-10	
9.60965e-06	-4.9857e-10	
9.67205e-06	-7.3294e-10	
9.73445e-06	-9.17689e-10	
9.79685e-06	-1.01507e-09	
9.85926e-06	-9.99584e-10	
9.92166e-06	-9.87339e-10	
9.98406e-06	-9.70628e-10	
1.00465e-05	-1.02103e-09	
1.01089e-05	-1.18928e-09	
1.01713e-05	-1.4675e-09	
1.02337e-05	-1.78347e-09	
1.02961e-05	-2.11265e-09	
1.03585e-05	-2.28286e-09	
1.04209e-05	-2.31487e-09	
1.04833e-05	-2.73015e-09	
1.05457e-05	-3.17487e-09	
1.06081e-05	-2.75344e-09	
1.06705e-05	-2.59294e-09	
1.07329e-05	-4.74074e-09	
1.07953e-05	-6.85043e-09	
1.08577e-05	-3.062e-09	
1.09201e-05	4.83726e-09	
1.09825e-05	7.7852e-09	
1.10449e-05	-8.06334e-09	
1.11073e-05	-4.09174e-08	
1.11697e-05	-6.96093e-08	
1.12321e-05	-8.01963e-08	
1.12945e-05	-6.5508e-08	
1.13569e-05	-3.14778e-08	
1.14193e-05	3.09401e-09	
1.14817e-05	2.52457e-08	
1.15441e-05	3.33953e-08	
1.16065e-05	3.05994e-08	
1.16689e-05	2.15457e-08	
1.17313e-05	1.06798e-08	
1.17937e-05	8.68259e-10	
1.18561e-05	-7.1022e-09	
1.19185e-05	-1.328e-08	
1.19809e-05	-1.778e-08	
1.20433e-05	-2.04248e-08	
1.21057e-05	-2.09156e-08	
1.21681e-05	-1.90999e-08	
1.22305e-05	-1.53597e-08	
1.22929e-05	-1.04296e-08	
1.23553e-05	-5.324e-09	
1.24177e-05	-9.07184e-10	
1.24801e-05	2.36384e-09	
1.25425e-05	4.40359e-09	
1.26049e-05	5.31501e-09	
1.26673e-05	5.22251e-09	
1.27297e-05	4.39252e-09	
1.27921e-05	3.15613e-09	
1.28545e-05	1.77032e-09	
1.29169e-05	4.4541e-10	
1.29793e-05	-6.85115e-10	
1.30417e-05	-1.61049e-09	
1.31041e-05	-2.45304e-09	
1.31665e-05	-3.21839e-09	
1.32289e-05	-3.88468e-09	
1.32913e-05	-4.48134e-09	
1.33537e-05	-5.00278e-09	
1.34161e-05	-5.44297e-09	
1.34785e-05	-5.74273e-09	
1.35409e-05	-5.82419e-09	
1.36033e-05	-5.69717e-09	
1.36657e-05	-5.38981e-09	
1.37281e-05	-4.83411e-09	
1.37905e-05	-4.01733e-09	
1.38529e-05	-3.18106e-09	
1.39153e-05	-2.44007e-09	
1.39777e-05	-1.54575e-09	
1.40401e-05	-5.81725e-10	
1.41025e-05	-5.32398e-11	
1.41649e-05	2.32815e-11	
1.42273e-05	4.76204e-10	
1.42897e-05	1.57078e-09	
1.43521e-05	1.99205e-09	
1.44145e-05	1.41183e-09	
1.44769e-05	7.63203e-10	
1.45393e-05	8.60595e-10	
1.46017e-05	3.15655e-09	
1.46641e-05	7.15325e-09	
1.47265e-05	8.72202e-09	
1.47889e-05	-4.36228e-10	
1.48513e-05	-2.25371e-08	
1.49137e-05	-4.86869e-08	
1.49761e-05	-6.65164e-08	
1.50385e-05	-7.15251e-08	
1.51009e-05	-5.50991e-08	
1.51633e-05	-1.96526e-08	
1.52257e-05	2.03772e-08	
1.52881e-05	5.05443e-08	
1.53505e-05	6.56059e-08	
1.54129e-05	6.66203e-08	
1.54753e-05	5.46931e-08	
1.55377e-05	3.49363e-08	
1.56001e-05	1.38021e-08	
1.56625e-05	-3.87697e-09	
1.57249e-05	-1.55498e-08	
1.57873e-05	-2.11562e-08	
1.58497e-05	-2.20026e-08	
1.59121e-05	-1.95873e-08	
1.59745e-05	-1.5489e-08	
1.60369e-05	-1.11203e-08	
1.60993e-05	-7.36087e-09	
1.61617e-05	-4.58497e-09	
1.62241e-05	-2.91967e-09	
1.62865e-05	-2.28008e-09	
1.63489e-05	-2.33121e-09	
1.64113e-05	-2.52737e-09	
1.64737e-05	-2.34881e-09	
1.65361e-05	-1.55674e-09	
1.65985e-05	-3.17861e-10	
1.66609e-05	9.7827e-10	
1.67233e-05	1.9091e-09	
1.67857e-05	2.20284e-09	
1.68481e-05	1.80441e-09	
1.69105e-05	9.10048e-10	
1.69729e-05	-1.65981e-10	
1.70353e-05	-1.13429e-09	
1.70977e-05	-1.72759e-09	
1.71601e-05	-1.77383e-09	
1.72225e-05	-1.26389e-09	
1.72849e-05	-4.09292e-10	
1.73473e-05	4.18401e-10	
1.74097e-05	1.04672e-09	
1.74721e-05	1.58469e-09	
1.75345e-05	1.86761e-09	
1.75969e-05	1.48857e-09	
1.76593e-05	6.60411e-10	
1.77217e-05	2.68947e-10	
1.77841e-05	8.68295e-10	
1.78465e-05	1.40629e-09	
1.79089e-05	6.62327e-10	
1.79713e-05	-7.66157e-10	
1.80337e-05	-3.01494e-10	
1.80961e-05	4.40792e-09	
1.81585e-05	8.86831e-09	
1.82209e-05	8.69006e-09	
1.82833e-05	-2.80969e-10	
1.83457e-05	-1.15106e-08	
1.84081e-05	-1.66514e-08	
1.84705e-05	-8.25929e-09	
1.85329e-05	1.38956e-08	
1.85953e-05	3.58007e-08	
1.86577e-05	4.6895e-08	
1.87201e-05	4.17809e-08	
